0 0.517375 0.587629 0.965251 0.567010
0 0.059846 0.154639 0.081081 0.082474
0 0.173745 0.159794 0.077220 0.092784
0 0.299228 0.157216 0.096525 0.087629
0 0.407336 0.157216 0.073359 0.108247
0 0.525097 0.152062 0.084942 0.077320
0 0.635135 0.162371 0.065637 0.067010
0 0.733591 0.159794 0.061776 0.061856
0 0.832046 0.159794 0.065637 0.072165
0 0.936293 0.157216 0.073359 0.077320
0 0.212355 0.314433 0.046332 0.061856
0 0.158301 0.311856 0.038610 0.067010
0 0.111969 0.311856 0.030888 0.056701
0 0.600386 0.314433 0.258687 0.113402
